26 
(
(0.060000 	 0.010000 	 0.001000)
(0.060000 	 0.010000 	 -0.001000)
(0.080000 	 0.012500 	 0.001000)
(0.080000 	 0.012500 	 -0.001000)
(0.100000 	 0.015000 	 0.001000)
(0.100000 	 0.015000 	 -0.001000)
(0.120000 	 0.017500 	 0.001000)
(0.120000 	 0.017500 	 -0.001000)
(0.140000 	 0.020000 	 0.001000)
(0.140000 	 0.020000 	 -0.001000)
(0.160000 	 0.022500 	 0.001000)
(0.160000 	 0.022500 	 -0.001000)
(0.180000 	 0.025000 	 0.001000)
(0.180000 	 0.025000 	 -0.001000)
(0.200000 	 0.027500 	 0.001000)
(0.200000 	 0.027500 	 -0.001000)
(0.220000 	 0.030000 	 0.001000)
(0.220000 	 0.030000 	 -0.001000)
(0.240000 	 0.032500 	 0.001000)
(0.240000 	 0.032500 	 -0.001000)
(0.260000 	 0.035000 	 0.001000)
(0.260000 	 0.035000 	 -0.001000)
(0.280000 	 0.037500 	 0.001000)
(0.280000 	 0.037500 	 -0.001000)
(0.300000 	 0.040000 	 0.001000)
(0.300000 	 0.040000 	 -0.001000)
)