60 
(
(0.060000 	 0.000000 	 0.001000)
(0.060000 	 0.000000 	 -0.001000)
(0.060000 	 0.000050 	 0.001000)
(0.060000 	 0.000050 	 -0.001000)
(0.060000 	 0.000100 	 0.001000)
(0.060000 	 0.000100 	 -0.001000)
(0.060000 	 0.000150 	 0.001000)
(0.060000 	 0.000150 	 -0.001000)
(0.060000 	 0.000200 	 0.001000)
(0.060000 	 0.000200 	 -0.001000)
(0.060000 	 0.000250 	 0.001000)
(0.060000 	 0.000250 	 -0.001000)
(0.060000 	 0.000300 	 0.001000)
(0.060000 	 0.000300 	 -0.001000)
(0.060000 	 0.000350 	 0.001000)
(0.060000 	 0.000350 	 -0.001000)
(0.060000 	 0.000400 	 0.001000)
(0.060000 	 0.000400 	 -0.001000)
(0.060000 	 0.000450 	 0.001000)
(0.060000 	 0.000450 	 -0.001000)
(0.060000 	 0.000500 	 0.001000)
(0.060000 	 0.000500 	 -0.001000)
(0.060000 	 0.000550 	 0.001000)
(0.060000 	 0.000550 	 -0.001000)
(0.060000 	 0.000600 	 0.001000)
(0.060000 	 0.000600 	 -0.001000)
(0.060000 	 0.000650 	 0.001000)
(0.060000 	 0.000650 	 -0.001000)
(0.060000 	 0.000700 	 0.001000)
(0.060000 	 0.000700 	 -0.001000)
(0.060000 	 0.000750 	 0.001000)
(0.060000 	 0.000750 	 -0.001000)
(0.060000 	 0.000800 	 0.001000)
(0.060000 	 0.000800 	 -0.001000)
(0.060000 	 0.000850 	 0.001000)
(0.060000 	 0.000850 	 -0.001000)
(0.060000 	 0.000900 	 0.001000)
(0.060000 	 0.000900 	 -0.001000)
(0.060000 	 0.000950 	 0.001000)
(0.060000 	 0.000950 	 -0.001000)
(0.060000 	 0.001000 	 0.001000)
(0.060000 	 0.001000 	 -0.001000)
(0.060000 	 0.001100 	 0.001000)
(0.060000 	 0.001100 	 -0.001000)
(0.060000 	 0.001300 	 0.001000)
(0.060000 	 0.001300 	 -0.001000)
(0.060000 	 0.001500 	 0.001000)
(0.060000 	 0.001500 	 -0.001000)
(0.060000 	 0.001800 	 0.001000)
(0.060000 	 0.001800 	 -0.001000)
(0.060000 	 0.002500 	 0.001000)
(0.060000 	 0.002500 	 -0.001000)
(0.060000 	 0.003000 	 0.001000)
(0.060000 	 0.003000 	 -0.001000)
(0.060000 	 0.004000 	 0.001000)
(0.060000 	 0.004000 	 -0.001000)
(0.060000 	 0.008000 	 0.001000)
(0.060000 	 0.008000 	 -0.001000)
(0.060000 	 0.010000 	 0.001000)
(0.060000 	 0.010000 	 -0.001000)
)
