58 
(
0.000039 
0.000039 
0.000085 
0.000085 
0.000086 
0.000086 
0.000126 
0.000126 
0.000222 
0.000222 
0.000334 
0.000334 
0.000526 
0.000526 
0.000738 
0.000738 
0.000918 
0.000918 
0.001200 
0.001200 
0.001430 
0.001430 
0.001660 
0.001660 
0.001850 
0.001850 
0.001990 
0.001990 
0.002450 
0.002450 
0.002760 
0.002760 
0.002900 
0.002900 
0.002850 
0.002850 
0.003310 
0.003310 
0.003650 
0.003650 
0.004250 
0.004250 
0.005430 
0.005430 
0.005450 
0.005450 
0.004940 
0.004940 
0.003890 
0.003890 
0.003990 
0.003990 
0.003910 
0.003910 
0.004020 
0.004020 
0.004200 
0.004200 
)