58 
(
(0.140000 	 0.000429 	 0.000000)
(0.140000 	 0.000429 	 -0.000000)
(0.315000 	 0.000317 	 0.000000)
(0.315000 	 0.000317 	 -0.000000)
(0.477000 	 0.000399 	 0.000000)
(0.477000 	 0.000399 	 -0.000000)
(0.674000 	 0.000525 	 0.000000)
(0.674000 	 0.000525 	 -0.000000)
(0.903000 	 0.000691 	 0.000000)
(0.903000 	 0.000691 	 -0.000000)
(1.070000 	 0.000805 	 0.000000)
(1.070000 	 0.000805 	 -0.000000)
(1.300000 	 0.000997 	 0.000000)
(1.300000 	 0.000997 	 -0.000000)
(1.520000 	 0.001200 	 0.000000)
(1.520000 	 0.001200 	 -0.000000)
(1.680000 	 0.001340 	 0.000000)
(1.680000 	 0.001340 	 -0.000000)
(1.890000 	 0.001520 	 0.000000)
(1.890000 	 0.001520 	 -0.000000)
(2.080000 	 0.001680 	 0.000000)
(2.080000 	 0.001680 	 -0.000000)
(2.270000 	 0.001860 	 0.000000)
(2.270000 	 0.001860 	 -0.000000)
(2.480000 	 0.002050 	 0.000000)
(2.480000 	 0.002050 	 -0.000000)
(2.590000 	 0.002160 	 0.000000)
(2.590000 	 0.002160 	 -0.000000)
(2.770000 	 0.002330 	 0.000000)
(2.770000 	 0.002330 	 -0.000000)
(3.010000 	 0.002570 	 0.000000)
(3.010000 	 0.002570 	 -0.000000)
(3.130000 	 0.002690 	 0.000000)
(3.130000 	 0.002690 	 -0.000000)
(3.270000 	 0.002840 	 0.000000)
(3.270000 	 0.002840 	 -0.000000)
(3.430000 	 0.002990 	 0.000000)
(3.430000 	 0.002990 	 -0.000000)
(3.710000 	 0.003260 	 0.000000)
(3.710000 	 0.003260 	 -0.000000)
(3.920000 	 0.003450 	 0.000000)
(3.920000 	 0.003450 	 -0.000000)
(4.460000 	 0.004040 	 0.000000)
(4.460000 	 0.004040 	 -0.000000)
(4.730000 	 0.004400 	 0.000000)
(4.730000 	 0.004400 	 -0.000000)
(4.970000 	 0.004790 	 0.000000)
(4.970000 	 0.004790 	 -0.000000)
(5.040000 	 0.005020 	 0.000000)
(5.040000 	 0.005020 	 -0.000000)
(5.050000 	 0.005130 	 0.000000)
(5.050000 	 0.005130 	 -0.000000)
(5.050000 	 0.005210 	 0.000000)
(5.050000 	 0.005210 	 -0.000000)
(5.050000 	 0.005240 	 0.000000)
(5.050000 	 0.005240 	 -0.000000)
(5.040000 	 0.005300 	 0.000000)
(5.040000 	 0.005300 	 -0.000000)
)