26 
(
(5.040000 	 0.005300 	 0.000000)
(5.040000 	 0.005300 	 -0.000000)
(4.860000 	 0.061700 	 0.000000)
(4.860000 	 0.061700 	 -0.000000)
(4.690000 	 0.177000 	 0.000000)
(4.690000 	 0.177000 	 -0.000000)
(4.680000 	 0.286000 	 0.000000)
(4.680000 	 0.286000 	 -0.000000)
(4.610000 	 0.324000 	 0.000000)
(4.610000 	 0.324000 	 -0.000000)
(4.420000 	 0.297000 	 0.000000)
(4.420000 	 0.297000 	 -0.000000)
(4.370000 	 0.227000 	 0.000000)
(4.370000 	 0.227000 	 -0.000000)
(4.230000 	 0.121000 	 0.000000)
(4.230000 	 0.121000 	 -0.000000)
(4.030000 	 0.048600 	 0.000000)
(4.030000 	 0.048600 	 -0.000000)
(3.810000 	 0.034200 	 0.000000)
(3.810000 	 0.034200 	 -0.000000)
(3.760000 	 0.029500 	 0.000000)
(3.760000 	 0.029500 	 -0.000000)
(3.710000 	 0.019400 	 0.000000)
(3.710000 	 0.019400 	 -0.000000)
(3.600000 	 -0.001410 	 0.000000)
(3.600000 	 -0.001410 	 -0.000000)
)