58 
(
0.002260 
0.002260 
0.002970 
0.002970 
0.003740 
0.003740 
0.004370 
0.004370 
0.004950 
0.004950 
0.005470 
0.005470 
0.006180 
0.006180 
0.006650 
0.006650 
0.006880 
0.006880 
0.007320 
0.007320 
0.007370 
0.007370 
0.007270 
0.007270 
0.006880 
0.006880 
0.006810 
0.006810 
0.007500 
0.007500 
0.007290 
0.007290 
0.007110 
0.007110 
0.006430 
0.006430 
0.006930 
0.006930 
0.006710 
0.006710 
0.007100 
0.007100 
0.007220 
0.007220 
0.006440 
0.006440 
0.005210 
0.005210 
0.003890 
0.003890 
0.003990 
0.003990 
0.003910 
0.003910 
0.004020 
0.004020 
0.004200 
0.004200 
)