58 
(
720.830030 
720.830030 
654.428962 
654.428962 
590.921490 
590.921490 
543.711385 
543.711385 
503.183817 
503.183817 
468.829025 
468.829025 
424.463199 
424.463199 
401.123337 
401.123337 
393.236811 
393.236811 
379.491508 
379.491508 
378.029488 
378.029488 
380.972766 
380.972766 
393.236811 
393.236811 
395.581980 
395.581980 
374.315357 
374.315357 
380.377928 
380.377928 
385.847076 
385.847076 
409.454768 
409.454768 
391.589916 
391.589916 
399.015017 
399.015017 
386.158738 
386.158738 
382.473684 
382.473684 
408.860561 
408.860561 
485.791713 
485.791713 
579.340294 
579.340294 
571.743442 
571.743442 
577.813165 
577.813165 
569.483037 
569.483037 
556.094542 
556.094542 
)