58 
(
0.016814 
0.016814 
0.437710 
0.437710 
0.299465 
0.299465 
0.193364 
0.193364 
0.121414 
0.121414 
0.072578 
0.072578 
0.047735 
0.047735 
0.033985 
0.033985 
0.035029 
0.035029 
0.039071 
0.039071 
0.059973 
0.059973 
0.075791 
0.075791 
0.102616 
0.102616 
0.136564 
0.136564 
0.140000 
0.140000 
0.171468 
0.171468 
0.210970 
0.210970 
0.231726 
0.231726 
0.256854 
0.256854 
0.289121 
0.289121 
0.350704 
0.350704 
0.409972 
0.409972 
0.507764 
0.507764 
0.715931 
0.715931 
0.997429 
0.997429 
1.000000 
1.000000 
1.000000 
1.000000 
1.000000 
1.000000 
1.000000 
1.000000 
)