58 
(
0.000038 
0.000038 
0.001300 
0.001300 
0.001120 
0.001120 
0.000845 
0.000845 
0.000601 
0.000601 
0.000397 
0.000397 
0.000295 
0.000295 
0.000226 
0.000226 
0.000241 
0.000241 
0.000286 
0.000286 
0.000442 
0.000442 
0.000551 
0.000551 
0.000706 
0.000706 
0.000930 
0.000930 
0.001050 
0.001050 
0.001250 
0.001250 
0.001500 
0.001500 
0.001490 
0.001490 
0.001780 
0.001780 
0.001940 
0.001940 
0.002490 
0.002490 
0.002960 
0.002960 
0.003270 
0.003270 
0.003730 
0.003730 
0.003880 
0.003880 
0.003990 
0.003990 
0.003910 
0.003910 
0.004020 
0.004020 
0.004200 
0.004200 
)