58 
(
4860000.000000 
4860000.000000 
1160000.000000 
1160000.000000 
472000.000000 
472000.000000 
233000.000000 
233000.000000 
124000.000000 
124000.000000 
67800.000000 
67800.000000 
36500.000000 
36500.000000 
18600.000000 
18600.000000 
9170.000000 
9170.000000 
4360.000000 
4360.000000 
1970.000000 
1970.000000 
889.000000 
889.000000 
406.000000 
406.000000 
198.000000 
198.000000 
133.000000 
133.000000 
92.300000 
92.300000 
67.500000 
67.500000 
60.700000 
60.700000 
54.600000 
54.600000 
48.300000 
48.300000 
37.600000 
37.600000 
39.900000 
39.900000 
43.500000 
43.500000 
70.500000 
70.500000 
62.300000 
62.300000 
67.500000 
67.500000 
61.400000 
61.400000 
68.800000 
68.800000 
77.700000 
77.700000 
)