60
(
4930000.000000 
4930000.000000 
4930000.000000 
4930000.000000 
1230000.000000 
1230000.000000 
538000.000000 
538000.000000 
289000.000000 
289000.000000 
168000.000000 
168000.000000 
95200.000000 
95200.000000 
47800.000000 
47800.000000 
18500.000000 
18500.000000 
4960.000000 
4960.000000 
964.000000 
964.000000 
222.000000 
222.000000 
143.000000 
143.000000 
113.000000 
113.000000 
89.600000 
89.600000 
95.800000 
95.800000 
80.800000 
80.800000 
64.800000 
64.800000 
61.000000 
61.000000 
55.600000 
55.600000 
49.800000 
49.800000 
38.800000 
38.800000 
41.100000 
41.100000 
44.700000 
44.700000 
71.500000 
71.500000 
62.300000 
62.300000 
67.500000 
67.500000 
61.400000 
61.400000 
68.800000 
68.800000 
77.700000 
77.700000 
)
